-2.707628867348180393e+02
-1.513316559044723135e+02
-2.010847388572971965e+02
-1.675101713055855441e+02
-1.832824018860639228e+02
-1.805748758102956231e+02
-1.810760100197099405e+02
-1.886574821568875393e+02
-1.765504752317746409e+02
-1.735042841273541399e+02
-1.826335561779673355e+02
-1.817420921968696348e+02
-2.029611884873548036e+02
-1.953399480634240035e+02
-1.971920039541770393e+02
-1.747403550419322471e+02
-1.592009170503810083e+02
-1.652923788359703678e+02
-1.632860365736894153e+02
-1.841447779637577469e+02
-1.916080092982942347e+02
-1.694892996353236185e+02
-1.837769176198504510e+02
-2.028483975095104768e+02
-1.857873350527051173e+02
-1.769407685774950494e+02
-1.850605297811913488e+02
-2.088938629520309291e+02
-1.967499531141484113e+02
-1.911893836436794629e+02
-1.754846246688706515e+02
-1.786415164062400720e+02
-1.857981677698667795e+02
-1.888775231607637011e+02
-2.043673211395732778e+02
-1.668652393023261595e+02
-1.626224111783160140e+02
-1.648145644759221682e+02
-1.908409628283133088e+02
-1.867004866680431689e+02
-1.782928655062274856e+02
-1.775450433231541183e+02
-1.768075338467825475e+02
-1.758548625899672686e+02
-1.957855513740764195e+02
-1.796262400939076542e+02
-1.907964817199488721e+02
-1.987127758476240444e+02
-1.989049670165364034e+02
-1.717622366113349983e+02
-1.931715596066077580e+02
-1.797887721876474814e+02
-1.857867191726151077e+02
-1.897347962545201199e+02
-1.812308467504031455e+02
-1.846743145315708148e+02
-1.925379715550861590e+02
-1.680058666449270959e+02
-2.061440707037349398e+02
-1.835853243594552282e+02
-1.679520657177221494e+02
-1.992963059284876408e+02
-2.079539578733783856e+02
-1.890669228167510596e+02
-1.858571434524471897e+02
-1.954942614978165807e+02
-1.783900170229981939e+02
-1.794326732321792690e+02
-1.827223911915644976e+02
-1.818861386612023523e+02
-1.697787466291305236e+02
-1.745546204292029415e+02
-1.862182173898481778e+02
-1.764867145447339567e+02
-1.917487843053283711e+02
-1.878778488814647005e+02
-1.876040181819958832e+02
-1.696902912693278722e+02
-1.723518363374618332e+02
-1.684964949628977138e+02
-1.743261352655603957e+02
-1.824464098669805026e+02
-1.835184888842180726e+02
-1.861249392615316935e+02
-1.869292501179918702e+02
-1.988342528588939331e+02
-1.773293795438096652e+02
-1.697776818201081142e+02
-1.785419236358790158e+02
-1.825669141043867398e+02
-1.819621235628775366e+02
-1.727140508059784736e+02
-1.836948104907338575e+02
-1.923746332844472988e+02
-1.733495152742606535e+02
-1.654761619711711091e+02
-1.973806876084308897e+02
-1.725381575023560856e+02
-1.892769169406854530e+02
-1.740266373005971445e+02
