-1.262828026405312585e+02
-1.590621268853708443e+02
-1.451948299140875918e+02
-1.380241256207594915e+02
-1.517131809690658883e+02
-1.170707506427280578e+02
-1.127402827259731879e+02
-1.272454259802638035e+02
-1.047280576407496540e+02
-1.239860979797159075e+02
-1.157720706912204491e+02
-1.281000579380101669e+02
-1.251014407055793498e+02
-1.435302315308204015e+02
-1.374010233978817723e+02
-1.128563869149382271e+02
-1.162306198990964674e+02
-1.091134941585194440e+02
-1.220521578223672634e+02
-1.095497342599740591e+02
-1.128283127597197364e+02
-1.149935273688267330e+02
-1.295615387096184747e+02
-1.250994831202998654e+02
-1.060168093369507432e+02
-1.015606812994979578e+02
-9.104853508689068065e+01
-8.781004728184018404e+01
-9.812019185539078592e+01
-1.098410031127751409e+02
-9.652543105544118873e+01
-1.091125311175467374e+02
-1.048535657996944792e+02
-1.133379598327402107e+02
-1.109297820458119332e+02
-1.045758773455212776e+02
-1.001637489525973024e+02
-1.136481390659211712e+02
-1.079439957304605571e+02
-9.917159255767177228e+01
-1.009647165177016319e+02
-1.033504687078789885e+02
-9.817326478331044370e+01
-9.257049419889516173e+01
-1.160468502680379004e+02
-9.318642815568037463e+01
-1.044420419452706597e+02
-1.164491995439859409e+02
-1.199552871216250622e+02
-9.252367619289337597e+01
-1.180432480802690947e+02
-1.211633375200783007e+02
-1.235017580544869418e+02
-1.058710530920333213e+02
-1.069154025102454284e+02
-1.008652356904058252e+02
-9.609535962797188802e+01
-1.195456092136692376e+02
-1.180736437228102886e+02
-1.202675882813251746e+02
-1.141915606877806368e+02
-1.018129565232895999e+02
-1.107064387041221067e+02
-1.071993722550124630e+02
-1.078148462552930340e+02
-1.103221390181894463e+02
-1.025954557832043292e+02
-1.290793896956916171e+02
-1.101364762545925089e+02
-9.398574948482333014e+01
-1.224193205045095851e+02
-1.277481181405612602e+02
-1.239979320697513288e+02
-1.067356253817116709e+02
-1.243078762473142405e+02
-1.194579391581942645e+02
-1.305096208154285478e+02
-1.110927909241663514e+02
-1.149338100937284963e+02
-1.096307983605723706e+02
-1.059734835387369429e+02
-1.126475963649792362e+02
-1.194855928514417940e+02
-1.074006572094595811e+02
-1.317258335934853335e+02
-1.012187268254262165e+02
-1.136084795747338063e+02
-9.866482351752459579e+01
-1.126068378555669227e+02
-1.223241699777308185e+02
-1.050568064581432708e+02
-9.878245082561547008e+01
-1.140530600808420303e+02
-1.048907926542322286e+02
-1.116921374385795929e+02
-1.255598359736272300e+02
-1.081841348030046674e+02
-1.140483072881885533e+02
-1.150213112649105938e+02
-9.875713032802832458e+01
