-9.936960581276083815e+01
-1.218613190458556943e+02
-1.055382364878607291e+02
-9.969452819856653036e+01
-9.794527293860774364e+01
-9.546232142394840992e+01
-1.170870841615956550e+02
-1.013354701995810387e+02
-9.781620456782030715e+01
-1.100181480177171949e+02
-8.734080865670520666e+01
-9.533641048011064356e+01
-1.004865582122599506e+02
-1.226688582032469981e+02
-1.025334333182834001e+02
-1.103779979544208487e+02
-1.216555822761033738e+02
-9.212235556071182430e+01
-9.039692871044844935e+01
-9.734604894045638446e+01
-9.701208448620840841e+01
-1.195994621195993091e+02
-1.010452307225157824e+02
-1.140663985582400954e+02
-1.073492157366044069e+02
-1.178221256781409636e+02
-9.871712736229218876e+01
-1.181616540359342764e+02
-9.970330557498455448e+01
-1.154603036447579711e+02
-1.040109163525356166e+02
-9.674378274811570577e+01
-9.863084573236008623e+01
-7.858772252267776537e+01
-8.398667943801336833e+01
-9.492058093315289113e+01
-9.465532447204586219e+01
-1.053207437647512990e+02
-8.746698882915225681e+01
-7.163905891034920614e+01
-9.719144939674352202e+01
-8.598841308586906962e+01
-9.590382905291276927e+01
-9.548349546215014527e+01
-7.986969848548056916e+01
-7.849576046268856544e+01
-8.435167921244820377e+01
-7.508686473889559920e+01
-8.558659375292400284e+01
-8.130153013490986780e+01
-5.606381088362768139e+01
-6.572057848210008046e+01
-7.433470871010339920e+01
-6.374258612764793952e+01
-5.896601359770434669e+01
-6.497824324766268944e+01
-7.610695580840751973e+01
-7.757852727159725248e+01
-5.695650387624495181e+01
-7.561328527853851256e+01
-8.959558112725537171e+01
-6.718699246596622743e+01
-6.253905026341346485e+01
-8.195039380658917594e+01
-7.267958701616456096e+01
-4.716007250735356848e+01
-4.598940324929987611e+01
-4.847362636135991210e+01
-5.080586763359370650e+01
-6.088710975878393583e+01
-6.665073737802406129e+01
-4.692061724945006063e+01
-5.864332304175069055e+01
-4.662956851862031726e+01
-4.661530761259979272e+01
-4.140427230160240413e+01
-3.554982768036470731e+01
-4.305223742670978027e+01
-4.364853363753669413e+01
-2.105901272406183011e+01
-3.940042395726163704e+01
2.561353808706097634e+00
-1.996299564504167989e+01
7.195636167300677677e+00
-4.024692049347861733e+00
1.691395323496081238e+00
7.328118823242357749e+00
1.658617615785519206e+01
3.289063619939353345e+01
1.969539298423224238e+01
2.145694967110755158e+01
2.084197655866967480e+01
-4.717821320141948327e+00
2.606991376702859853e+01
3.447376346477350495e+01
2.470514425320732599e+01
3.940326901639670609e+01
6.327727849219121481e+01
5.291094169429135974e+01
6.993492156758480860e+01
