-1.235076752222692278e+02
-1.546788179153285512e+02
-1.325644927010206970e+02
-1.193937685812939691e+02
-1.137512305483374462e+02
-9.837469327941379049e+01
-1.085003497134136552e+02
-1.139611386363943666e+02
-1.147560520325680784e+02
-1.120483829138856322e+02
-9.433880328512007907e+01
-1.133082017014183265e+02
-1.087754054986676664e+02
-9.473678940110910673e+01
-1.148559042668875350e+02
-8.549280644667103957e+01
-9.460597899600278993e+01
-1.045582032749760515e+02
-1.139034026357397096e+02
-9.058577874562134014e+01
-1.075467535540276316e+02
-1.041083284646060179e+02
-1.057978255005047146e+02
-1.137786020130650115e+02
-1.252714523737451913e+02
-9.618857255539941775e+01
-9.670637422520866266e+01
-9.041870302484571198e+01
-9.693676245192729368e+01
-9.715297573522506980e+01
-9.897293747957397159e+01
-1.013340031402469208e+02
-1.029190133503276030e+02
-8.364462858191143368e+01
-7.520918130723207184e+01
-7.231130952877997231e+01
-8.681956383245335473e+01
-8.569941800076638572e+01
-9.314317992757928266e+01
-8.622730103641686128e+01
-8.718177569769112267e+01
-8.954878335347703455e+01
-7.771916409209474352e+01
-7.170705460120348107e+01
-8.436178030044318632e+01
-8.156626034985183082e+01
-7.120356260613863242e+01
-8.436256642946482032e+01
-9.315314148283532347e+01
-8.133791918209034577e+01
-6.654720235075724588e+01
-6.674571232283345523e+01
-7.125153328770036865e+01
-5.941297715160324344e+01
-8.697844335052175779e+01
-5.737837160203957154e+01
-7.404799403502423161e+01
-6.061704856025711052e+01
-6.333978841033928830e+01
-7.082677683617951914e+01
-5.433156071876648952e+01
-5.909602033453253966e+01
-3.965926463351329545e+01
-6.187920682254589622e+01
-3.904764029268192616e+01
-4.995683966014020427e+01
-5.182199733472472047e+01
-6.701348871914487404e+01
-4.742779417342718062e+01
-5.455936039323940179e+01
-5.622855918631439920e+01
-6.090093771861133831e+01
-3.383232364584080898e+01
-5.296893054406027090e+01
-5.126676367465184114e+01
-5.485400906609228855e+01
-2.943155259307794935e+01
-4.616996077273523724e+01
-3.108895202153171411e+01
-1.156328598642635441e+01
-1.122763147006910955e+01
-5.822823736989242605e+00
-2.619352371790959921e+01
-2.062898181470222880e+01
1.534595553603773643e-01
-1.786280086520390498e+01
3.036001740078440037e+01
1.230419380081082892e+01
-1.184733256308152294e+00
1.081821569981586428e+01
-9.513260418326360934e+00
-2.474446405148570705e+01
-1.704805831824383944e+01
4.326979104999171710e+00
3.173479903056823304e+01
1.094467225362333451e+01
1.818354150104347156e+01
2.381123325062494089e+01
3.158080338171203394e+01
4.267442235460011801e+01
