-7.344295193598538845e+02
-2.260287039828742479e+02
-2.151213067348296306e+02
-2.250441936672773977e+02
-2.437979151411314263e+02
-1.860025572150209712e+02
-2.161327490055322187e+02
-1.769425368743854108e+02
-2.249760440387890696e+02
-2.210801693189852415e+02
-2.258726670220186463e+02
-2.268699285477192120e+02
-1.778361203305337028e+02
-2.514231954269245648e+02
-1.896121200802948010e+02
-2.247017431645367083e+02
-1.735876502571715889e+02
-2.357176609808405487e+02
-1.899743834061211203e+02
-2.159158659935255855e+02
-2.078506242396973960e+02
-1.947823478086934870e+02
-1.996535683452335093e+02
-2.065762474544427221e+02
-2.231103528252249077e+02
-1.950789419254714687e+02
-1.988276198171547833e+02
-2.256979656201200726e+02
-2.123359137952158449e+02
-1.971207001942559600e+02
-1.972916318336616257e+02
-1.952016984072174353e+02
-1.982850253771919142e+02
-1.936589436211409350e+02
-2.045009934820583624e+02
-1.979628795115530409e+02
-2.248906815182365335e+02
-2.493801373160675894e+02
-2.314998846108106818e+02
-2.472971249447335538e+02
-2.190851521388968024e+02
-1.852007940540244135e+02
-2.226021184331484903e+02
-2.205384021488914073e+02
-1.895184310486809522e+02
-1.920598523260189552e+02
-2.264646962579802505e+02
-1.959657525809386698e+02
-2.038559395767332205e+02
-1.898062344596455375e+02
-2.153012605977915825e+02
-2.555187311760660691e+02
-1.985508504286224820e+02
-2.349395778347069097e+02
-1.872985970572443932e+02
-2.237097294118097182e+02
-1.738322899224098421e+02
-2.554740501775391124e+02
-2.394452410476848740e+02
-1.933032967879331352e+02
-1.875878434159042456e+02
-2.396967270644784378e+02
-2.096807386046936870e+02
-2.291264176397803851e+02
-2.428158319099151470e+02
-2.244541308527954300e+02
-1.904758766116991922e+02
-2.275270227784289716e+02
-2.635454516627872295e+02
-1.677963619213335278e+02
-1.615392002000781133e+02
-2.375073447859759597e+02
-1.797272643621190866e+02
-2.181649579832589723e+02
-1.816163265703707168e+02
-1.949898822958106450e+02
-1.816251575362618667e+02
-1.933359795122919707e+02
-1.968894025023838594e+02
-2.732085466563473233e+02
-2.333501784706276965e+02
-1.986173657582604335e+02
-2.298876101637171132e+02
-2.061029948905639912e+02
-2.330477484403491246e+02
-1.942463408597135697e+02
-2.251520042850618211e+02
-3.399818006148209406e+02
-1.863877885165897794e+02
-2.063546435655824496e+02
-1.779651817228243829e+02
-2.252199870511508948e+02
-2.099509810637777889e+02
-2.273643012425483505e+02
-2.067470812197906014e+02
-1.888549854435191548e+02
-1.886494502501804504e+02
-2.144751972541240548e+02
-2.112703381051396434e+02
-1.944299843214671171e+02
